rsid	pos	beta_eqtl	se_eqtl	alpha	alpha_se
rs74341405	44845649	0.0398598541765544	0.0550684313136536	0.388346517742272	0.0880913648016575
rs147882697	44864082	-0.00268100941771208	0.0524328516032294	0.388346517742272	0.0880913648016575
rs13076123	44916233	0.0323965162453341	0.053902703995174	0.388346517742272	0.0880913648016575
rs7650403	45128446	0.0391034701707061	0.0558061076255108	0.388346517742272	0.0880913648016575
rs79885994	45130679	-0.00573948235753611	0.0562801007128346	0.388346517742272	0.0880913648016575
rs56062317	45145357	-0.00737934060777943	0.0533076930360551	0.388346517742272	0.0880913648016575
rs73089329	45148114	-0.0522758245688547	0.0539299032195638	0.388346517742272	0.0880913648016575
rs4683047	45155294	-0.0162004926964057	0.0542385025473782	0.388346517742272	0.0880913648016575
rs6806366	45201365	-0.0165275533981708	0.0534699535902441	0.388346517742272	0.0880913648016575
rs9857201	45211399	0.0530656969167678	0.0546904844384747	0.388346517742272	0.0880913648016575
rs9810468	45409844	0.0100455633871885	0.0550432701410464	0.388346517742272	0.0880913648016575
rs854200	45460460	0.00579860477228701	0.0526852222484365	0.388346517742272	0.0880913648016575
rs67983906	45615500	-0.0681685631774021	0.0587650985189614	0.388346517742272	0.0880913648016575
rs73058466	45749183	-0.11531527915823	0.0553958948794733	0.388346517742272	0.0880913648016575
rs78632233	45823087	-0.00956859752727958	0.0602538482619475	0.388346517742272	0.0880913648016575
rs73062389	45835417	0.164289403060955	0.0517742036436152	0.388346517742272	0.0880913648016575
rs76896797	45838178	-0.185839485165437	0.0541433741971397	0.388346517742272	0.0880913648016575
rs62245068	45840051	-0.0567637709714637	0.0620203158972795	0.388346517742272	0.0880913648016575
rs2531756	45856364	0.00202475090266021	0.055014197443038	0.388346517742272	0.0880913648016575
rs67959919	45871908	0.220550705766343	0.04647874229836	0.388346517742272	0.0880913648016575
rs77182227	45915452	0.0602726346924071	0.0587105615304442	0.388346517742272	0.0880913648016575
rs75817942	46024042	-0.0211956610672768	0.0579255456057222	0.388346517742272	0.0880913648016575
rs79078894	46033267	-0.0597639654919249	0.0531803286062322	0.388346517742272	0.0880913648016575
rs1491951	46141844	0.170341162828026	0.0527913168246833	0.388346517742272	0.0880913648016575
rs1491952	46141902	-0.0588032184951539	0.0516264678600649	0.388346517742272	0.0880913648016575
rs75819443	46171854	0.119583759123997	0.0597934579546685	0.388346517742272	0.0880913648016575
rs57871924	46282278	0.0853958423605602	0.0565113859837134	0.388346517742272	0.0880913648016575
rs3918355	46393827	0.0741204694032949	0.0557423610850379	0.388346517742272	0.0880913648016575
rs3918365	46398364	0.156444526875485	0.0534591557394393	0.388346517742272	0.0880913648016575
rs6441976	46438012	-0.00125561629289224	0.0529878697477735	0.388346517742272	0.0880913648016575
rs6774189	46592530	-0.0398538970845284	0.0528884802465428	0.388346517742272	0.0880913648016575
rs149240901	46608930	-0.106056039343536	0.0499640155198579	0.388346517742272	0.0880913648016575
rs57865489	46615636	0.0385718646336486	0.0594423495520965	0.388346517742272	0.0880913648016575
rs116510961	46735180	0.0735626396061089	0.0509742170418517	0.388346517742272	0.0880913648016575
rs80174104	46740902	-0.127058448312101	0.0564559159573776	0.388346517742272	0.0880913648016575
rs62248372	46791386	0.0424563012870964	0.0525731352742464	0.388346517742272	0.0880913648016575
rs148742710	46836072	-0.000575770659605565	0.055840557307169	0.388346517742272	0.0880913648016575
